2 0.258203 0.384028 0.102344 0.126389
2 0.478516 0.347222 0.0195312 0.0333333
2 0.548047 0.351389 0.0164062 0.0305556
7 0.576563 0.348611 0.01875 0.0333333
2 0.040625 0.361806 0.028125 0.0402778
2 0.319531 0.348611 0.0140625 0.0138889
2 0.362891 0.343056 0.0148437 0.0194444
2 0.065625 0.359028 0.0375 0.0402778
2 0.576953 0.348611 0.0179687 0.0305556
2 0.214062 0.352083 0.028125 0.0319444
2 0.387891 0.34375 0.0148437 0.0152778
2 0.535937 0.353472 0.034375 0.0291667
2 0.344531 0.347222 0.0140625 0.0138889
2 0.439063 0.347222 0.0203125 0.0305556
2 0.127344 0.360417 0.021875 0.0263889
2 0.507422 0.351389 0.0226563 0.0277778
2 0.178906 0.355556 0.03125 0.0277778
2 0.466797 0.363194 0.0335938 0.0486111
2 0.0996094 0.360417 0.0414063 0.0347222
2 0.426172 0.351389 0.0226563 0.0305556
2 0.611328 0.361806 0.0382813 0.0569444
7 0.258203 0.384028 0.102344 0.126389
2 0.521094 0.445833 0.117188 0.166667
