2 0.542188 0.344444 0.015625 0.025
2 0.393359 0.342361 0.0132813 0.0152778
2 0.382031 0.341667 0.0125 0.0166667
7 0.572266 0.345139 0.0195312 0.0319444
2 0.532812 0.347222 0.0328125 0.0222222
2 0.475 0.343056 0.0203125 0.0305556
2 0.316016 0.35 0.0132813 0.0166667
2 0.366016 0.345139 0.0179687 0.0180556
2 0.435937 0.347222 0.01875 0.0305556
2 0.572266 0.345139 0.0195312 0.0319444
2 0.3375 0.347917 0.015625 0.0152778
2 0.219141 0.356944 0.0257812 0.0222222
2 0.503125 0.351389 0.0234375 0.0333333
2 0.424219 0.352083 0.021875 0.0291667
2 0.466016 0.361806 0.0351562 0.0486111
2 0.0863281 0.367361 0.0429688 0.0347222
2 0.0175781 0.373611 0.0351562 0.0361111
2 0.125781 0.360417 0.040625 0.0375
2 0.605859 0.357639 0.0382813 0.0569444
7 0.270703 0.384028 0.0976562 0.120833
2 0.528125 0.432639 0.107813 0.151389
