0 0.501953 0.397222 0.0226563 0.0194444
2 0.534375 0.341667 0.009375 0.0194444
2 0.493359 0.343056 0.0195312 0.0333333
2 0.593359 0.341667 0.0195312 0.0333333
2 0.415625 0.3375 0.0109375 0.0138889
2 0.349219 0.34375 0.0109375 0.0152778
2 0.423828 0.338194 0.00859375 0.0125
2 0.259375 0.381944 0.107813 0.130556
7 0.552344 0.359722 0.034375 0.05
7 0.592969 0.340972 0.0203125 0.0347222
2 0.567187 0.345833 0.0125 0.0305556
2 0.376563 0.342361 0.0140625 0.0125
2 0.326172 0.344444 0.0164062 0.0194444
2 0.453906 0.342361 0.01875 0.0319444
2 0.390625 0.338889 0.0125 0.0166667
2 0.552344 0.359722 0.034375 0.05
2 0.303516 0.349306 0.0148437 0.0208333
2 0.120703 0.35625 0.0335938 0.0375
2 0.152734 0.352778 0.0335938 0.0333333
2 0.440625 0.347917 0.021875 0.0291667
2 0.1875 0.353472 0.0359375 0.0319444
2 0.480859 0.359028 0.0351562 0.0486111
2 0.523438 0.347222 0.0234375 0.0277778
2 0.626953 0.356944 0.0382813 0.0583333
7 0.259375 0.381944 0.107813 0.130556
2 0.523047 0.448611 0.125781 0.177778
