2 0.411719 0.339583 0.0078125 0.0125
2 0.259375 0.383333 0.104687 0.127778
2 0.308594 0.347917 0.01875 0.0208333
2 0.485547 0.345139 0.0195312 0.0347222
2 0.166016 0.358333 0.0132813 0.025
2 0.558203 0.347222 0.0132813 0.0277778
2 0.361719 0.346528 0.015625 0.0152778
2 0.54375 0.35625 0.0359375 0.0375
2 0.401172 0.340972 0.0132813 0.0152778
2 0.334375 0.347222 0.0125 0.0166667
2 0.376953 0.341667 0.0148437 0.0194444
7 0.583984 0.329861 0.0210938 0.0625
2 0.446094 0.344444 0.0171875 0.0305556
2 0.0828125 0.359722 0.0328125 0.0388889
2 0.111719 0.356944 0.0390625 0.0388889
2 0.208203 0.353472 0.0257812 0.0263889
2 0.147266 0.359028 0.0398437 0.0347222
2 0.515234 0.348611 0.0210938 0.0277778
2 0.433203 0.349306 0.0210938 0.0291667
2 0.473437 0.361111 0.034375 0.0472222
2 0.619141 0.359028 0.0382813 0.0569444
7 0.259375 0.383333 0.104687 0.127778
2 0.522266 0.445833 0.121094 0.172222
