2 0.345313 0.314583 0.0125 0.0152778
2 0.432422 0.335417 0.00703125 0.0125
11 0.158203 0.145139 0.0835937 0.190278
2 0.435547 0.321528 0.00859375 0.00972222
2 0.311719 0.314583 0.0203125 0.0180556
2 0.597656 0.381944 0.05625 0.0777778
2 0.444922 0.340278 0.0101562 0.0138889
7 0.466406 0.334028 0.0234375 0.0458333
2 0.274219 0.311806 0.0125 0.0180556
7 0.597656 0.382639 0.05625 0.0763889
2 0.257031 0.311111 0.0140625 0.0166667
2 0.238281 0.306944 0.0140625 0.0222222
2 0.0394531 0.286806 0.0351562 0.0430556
