2 0.453516 0.340278 0.0101562 0.0194444
7 0.319141 0.310417 0.0210938 0.0319444
7 0.474219 0.347222 0.0234375 0.0305556
2 0.442187 0.326389 0.0078125 0.0111111
10 0.169922 0.390972 0.0101562 0.0402778
2 0.151562 0.302083 0.028125 0.0319444
2 0.239453 0.310417 0.0148437 0.0236111
2 0.474609 0.347917 0.0226563 0.0291667
7 0.598828 0.3875 0.0554687 0.0777778
2 0.598828 0.386806 0.0554687 0.0763889
2 0.257812 0.315278 0.015625 0.0166667
2 0.277734 0.315278 0.0132813 0.0194444
2 0.0160156 0.288889 0.0320312 0.0444444
