7 0.299219 0.295139 0.0203125 0.0291667
2 0.298828 0.301389 0.0210938 0.0166667
2 0.410547 0.323611 0.00703125 0.0111111
2 0.349609 0.306944 0.00859375 0.0111111
2 0.331641 0.303472 0.0148437 0.0152778
2 0.426172 0.327778 0.00859375 0.0138889
7 0.45 0.323611 0.025 0.0444444
7 0.596094 0.368056 0.059375 0.0777778
2 0.264453 0.299306 0.0117188 0.0180556
2 0.595703 0.368056 0.0601562 0.0777778
2 0.233984 0.295833 0.0148437 0.0222222
2 0.172266 0.288889 0.0210938 0.0277778
2 0.0828125 0.280556 0.028125 0.0361111
