2 0.320312 0.30625 0.009375 0.0125
11 0.252344 0.195833 0.0578125 0.133333
2 0.595703 0.370833 0.0570313 0.0777778
2 0.33125 0.303472 0.0140625 0.0180556
7 0.300781 0.296528 0.01875 0.0291667
2 0.350781 0.308333 0.009375 0.0111111
2 0.234375 0.297222 0.0125 0.0222222
2 0.428125 0.329861 0.009375 0.0125
2 0.265234 0.302778 0.0117188 0.0166667
2 0.169141 0.291667 0.0242187 0.0277778
7 0.596094 0.370833 0.0578125 0.0777778
7 0.451172 0.325 0.0257812 0.0472222
2 0.0796875 0.283333 0.0296875 0.0361111
