2 0.371094 0.314583 0.0078125 0.00972222
2 0.335156 0.307639 0.0109375 0.0152778
7 0.236328 0.300694 0.0132813 0.0236111
2 0.434375 0.335417 0.009375 0.0125
2 0.596094 0.376389 0.0578125 0.0777778
2 0.354688 0.313194 0.009375 0.00972222
2 0.428125 0.315972 0.0078125 0.00972222
7 0.305469 0.300694 0.01875 0.0291667
2 0.236328 0.300694 0.0132813 0.0236111
2 0.165625 0.294444 0.025 0.0277778
2 0.254297 0.30625 0.0148437 0.0152778
7 0.596094 0.376389 0.0578125 0.0777778
2 0.26875 0.305556 0.0125 0.0166667
2 0.065625 0.284028 0.03125 0.0375
7 0.457031 0.329167 0.025 0.0472222
