2 0.424609 0.328472 0.00859375 0.0125
2 0.408594 0.323611 0.0078125 0.0111111
7 0.0859375 0.282639 0.028125 0.0347222
2 0.596094 0.368056 0.0578125 0.0777778
2 0.293359 0.302778 0.0117188 0.0138889
2 0.328125 0.304167 0.0125 0.0138889
2 0.347656 0.30625 0.0078125 0.0125
2 0.251563 0.300694 0.0125 0.0152778
7 0.298828 0.295139 0.0179687 0.0291667
2 0.233203 0.297222 0.0132813 0.0222222
2 0.171875 0.290972 0.021875 0.0263889
2 0.0859375 0.282639 0.028125 0.0347222
7 0.447656 0.322917 0.025 0.0458333
7 0.596484 0.36875 0.0585938 0.0791667
