2 0.250391 0.300694 0.0117188 0.0152778
2 0.345703 0.306944 0.00859375 0.0111111
2 0.421484 0.328472 0.00859375 0.0125
2 0.444922 0.331944 0.0242187 0.0277778
7 0.296094 0.295139 0.01875 0.0291667
2 0.325 0.302778 0.0125 0.0166667
2 0.596094 0.368056 0.0578125 0.0777778
2 0.257031 0.3 0.0234375 0.0194444
7 0.444922 0.322917 0.0242187 0.0458333
2 0.173047 0.290972 0.0210938 0.0263889
2 0.232031 0.297222 0.0125 0.0222222
7 0.596094 0.368056 0.0578125 0.0777778
2 0.0917969 0.283333 0.0273438 0.0333333
