2 0.421875 0.327778 0.0078125 0.0111111
2 0.301953 0.30625 0.0117188 0.0152778
2 0.337109 0.305556 0.0117188 0.0166667
7 0.30625 0.297917 0.01875 0.0291667
2 0.435937 0.331944 0.009375 0.0138889
2 0.596484 0.372917 0.0570313 0.0791667
11 0.214453 0.171528 0.0695312 0.156944
2 0.255078 0.303472 0.0148437 0.0152778
7 0.596094 0.372917 0.0578125 0.0791667
2 0.236719 0.298611 0.0140625 0.0222222
2 0.164453 0.290972 0.0257812 0.0291667
7 0.458594 0.326389 0.025 0.0472222
2 0.269531 0.303472 0.0125 0.0180556
2 0.0613281 0.279861 0.0320312 0.0375
