2 0.338281 0.307639 0.0125 0.0180556
2 0.596484 0.375694 0.0570313 0.0791667
2 0.430078 0.316667 0.00859375 0.0111111
11 0.205078 0.16875 0.0710938 0.1625
2 0.437891 0.335417 0.00859375 0.0125
7 0.308594 0.300694 0.01875 0.0291667
2 0.255078 0.305556 0.0132813 0.0166667
2 0.236719 0.301389 0.0140625 0.0222222
2 0.164062 0.29375 0.0265625 0.0291667
7 0.459766 0.330556 0.0242187 0.0472222
2 0.269922 0.30625 0.0117188 0.0180556
2 0.0570313 0.283333 0.0328125 0.0388889
7 0.596094 0.376389 0.0578125 0.0805556
