2 0.426172 0.329167 0.00703125 0.0111111
2 0.461719 0.338194 0.025 0.0291667
2 0.339844 0.307639 0.0125 0.0152778
2 0.596875 0.376389 0.0578125 0.0777778
2 0.439844 0.334028 0.009375 0.0125
11 0.194141 0.161806 0.0742188 0.168056
7 0.309375 0.3 0.0203125 0.0305556
7 0.461719 0.3375 0.025 0.0305556
2 0.253906 0.304861 0.0140625 0.0180556
2 0.270703 0.304861 0.0117188 0.0180556
2 0.163281 0.293056 0.025 0.0305556
2 0.237109 0.300694 0.0132813 0.0236111
2 0.053125 0.281944 0.0328125 0.0388889
7 0.596484 0.375694 0.0585938 0.0791667
