2 0.446875 0.340972 0.009375 0.0125
2 0.309375 0.314583 0.0109375 0.0152778
11 0.143359 0.136806 0.0867188 0.201389
2 0.434375 0.335417 0.0078125 0.00972222
7 0.034375 0.2875 0.0359375 0.0416667
2 0.597656 0.382639 0.05625 0.0763889
2 0.158594 0.297917 0.0265625 0.0319444
7 0.315625 0.305556 0.0171875 0.0305556
2 0.034375 0.2875 0.0359375 0.0416667
7 0.469141 0.334722 0.0257812 0.0472222
2 0.257422 0.311806 0.0132813 0.0180556
2 0.238672 0.306944 0.0132813 0.0222222
2 0.275 0.311111 0.0125 0.0194444
7 0.597266 0.383333 0.0570313 0.0777778
