2 0.441016 0.323611 0.00859375 0.0111111
2 0.441016 0.336806 0.00859375 0.00972222
7 0.473437 0.336806 0.0234375 0.0458333
7 0.01875 0.286806 0.0375 0.0430556
2 0.153906 0.300694 0.0265625 0.0319444
7 0.31875 0.308333 0.01875 0.0305556
2 0.598047 0.384722 0.0554687 0.0777778
2 0.473437 0.346528 0.0234375 0.0263889
7 0.598437 0.384722 0.05625 0.0777778
2 0.01875 0.2875 0.0375 0.0444444
2 0.277344 0.3125 0.0125 0.0194444
2 0.239453 0.307639 0.0148437 0.0236111
2 0.258203 0.3125 0.0148437 0.0166667
