2 0.260156 0.299306 0.0078125 0.0152778
2 0.422656 0.326389 0.009375 0.0138889
2 0.326953 0.300694 0.0117188 0.0180556
7 0.296875 0.29375 0.01875 0.0291667
2 0.446094 0.322222 0.0234375 0.0444444
2 0.41875 0.307639 0.009375 0.00972222
2 0.595703 0.365972 0.0585938 0.0763889
2 0.251563 0.3 0.0140625 0.0166667
2 0.172656 0.289583 0.021875 0.0263889
7 0.446094 0.322222 0.0234375 0.0444444
2 0.232812 0.296528 0.0125 0.0236111
2 0.0886719 0.281944 0.0273438 0.0333333
7 0.596484 0.367361 0.0585938 0.0791667
