7 0.474609 0.339583 0.0242187 0.0486111
7 0.0160156 0.288889 0.0320312 0.0444444
2 0.442187 0.326389 0.0078125 0.00833333
2 0.598437 0.3875 0.05625 0.0777778
2 0.442578 0.338194 0.00859375 0.0125
2 0.453906 0.344444 0.009375 0.0138889
7 0.320312 0.310417 0.01875 0.0319444
2 0.475 0.348611 0.0234375 0.0277778
2 0.151953 0.302083 0.0273438 0.0319444
2 0.239453 0.310417 0.0148437 0.0236111
7 0.598437 0.3875 0.05625 0.0777778
2 0.277734 0.315278 0.0132813 0.0194444
2 0.0160156 0.288889 0.0320312 0.0444444
2 0.258203 0.315278 0.0148437 0.0166667
