2 0.347656 0.306944 0.0078125 0.0111111
2 0.448438 0.332639 0.025 0.0263889
2 0.408984 0.323611 0.00703125 0.0111111
2 0.328125 0.303472 0.0125 0.0152778
11 0.263672 0.202083 0.0539063 0.123611
7 0.298438 0.295139 0.01875 0.0291667
2 0.29375 0.302778 0.0109375 0.0138889
2 0.596094 0.367361 0.0578125 0.0763889
2 0.424609 0.328472 0.00859375 0.0125
2 0.251563 0.300694 0.0125 0.0152778
7 0.448438 0.322917 0.025 0.0458333
2 0.233594 0.297222 0.0125 0.0222222
2 0.0859375 0.281944 0.028125 0.0333333
2 0.171875 0.290972 0.021875 0.0263889
7 0.596484 0.368056 0.0585938 0.0777778
