2 0.410547 0.323611 0.00703125 0.0111111
2 0.299219 0.295139 0.0203125 0.0291667
11 0.258203 0.197917 0.0554687 0.129167
2 0.45 0.33125 0.025 0.0291667
2 0.249609 0.3 0.00703125 0.0138889
2 0.426172 0.328472 0.00859375 0.0125
2 0.330469 0.302083 0.0125 0.0180556
7 0.299219 0.295833 0.0203125 0.0305556
7 0.45 0.322917 0.025 0.0458333
2 0.596094 0.367361 0.059375 0.0763889
7 0.596094 0.368056 0.059375 0.0777778
2 0.264453 0.3 0.0117188 0.0166667
2 0.234375 0.295833 0.0140625 0.0222222
2 0.171875 0.290278 0.021875 0.0277778
2 0.0828125 0.280556 0.028125 0.0361111
