2 0.351562 0.307639 0.0078125 0.00972222
2 0.296484 0.302778 0.0117188 0.0166667
2 0.332812 0.303472 0.0140625 0.0180556
7 0.301172 0.295833 0.0210938 0.0305556
2 0.429688 0.328472 0.009375 0.0125
11 0.245312 0.190278 0.059375 0.136111
2 0.596484 0.369444 0.0570313 0.075
2 0.253125 0.300694 0.0140625 0.0152778
2 0.234375 0.296528 0.0109375 0.0208333
2 0.169922 0.289583 0.0242187 0.0263889
7 0.596094 0.369444 0.0578125 0.0777778
7 0.452344 0.323611 0.025 0.0472222
2 0.266016 0.300694 0.0117188 0.0180556
2 0.0765625 0.280556 0.0296875 0.0361111
