2 0.416406 0.326389 0.0078125 0.0111111
2 0.2375 0.298611 0.0171875 0.0222222
2 0.332812 0.303472 0.0109375 0.0180556
2 0.253906 0.302778 0.0140625 0.0166667
2 0.16875 0.290278 0.021875 0.0277778
2 0.596484 0.372917 0.0585938 0.0763889
2 0.430859 0.330556 0.00859375 0.0111111
11 0.238281 0.186806 0.0625 0.140278
2 0.266797 0.302778 0.0117188 0.0166667
7 0.302734 0.297222 0.0195312 0.0305556
7 0.454297 0.325694 0.0242187 0.0458333
7 0.596484 0.372222 0.0585938 0.0777778
2 0.0730469 0.28125 0.0304688 0.0347222
