2 0.428516 0.316667 0.00859375 0.0111111
2 0.335938 0.308333 0.0125 0.0166667
2 0.434375 0.334722 0.009375 0.0138889
11 0.223438 0.179861 0.065625 0.151389
2 0.254687 0.305556 0.0140625 0.0166667
7 0.596484 0.375694 0.0585938 0.0791667
2 0.166406 0.294444 0.0234375 0.0277778
2 0.596484 0.376389 0.0585938 0.0777778
7 0.305469 0.301389 0.0203125 0.0305556
2 0.268359 0.305556 0.0117188 0.0166667
2 0.236328 0.301389 0.0132813 0.0222222
7 0.457031 0.329861 0.025 0.0486111
2 0.065625 0.284028 0.03125 0.0375
