2 0.404687 0.323611 0.00625 0.0111111
2 0.315234 0.304167 0.00859375 0.0111111
2 0.345703 0.306944 0.00859375 0.0111111
7 0.232031 0.297222 0.0125 0.0222222
2 0.421484 0.327778 0.00859375 0.0138889
2 0.324609 0.303472 0.0117188 0.0152778
7 0.296094 0.295833 0.01875 0.0277778
2 0.596094 0.368056 0.0578125 0.0777778
2 0.256641 0.298611 0.0242187 0.0194444
2 0.172656 0.290972 0.0203125 0.0263889
7 0.596094 0.368056 0.0578125 0.0777778
2 0.231641 0.297222 0.0132813 0.0222222
2 0.0921875 0.282639 0.0265625 0.0347222
7 0.444922 0.322917 0.0242187 0.0458333
