2 0.3375 0.307639 0.0125 0.0152778
7 0.236719 0.300694 0.0140625 0.0236111
2 0.596484 0.375694 0.0570313 0.0791667
7 0.308984 0.3 0.0179687 0.0305556
11 0.205078 0.16875 0.0710938 0.159722
2 0.437891 0.335417 0.00859375 0.0125
2 0.430078 0.316667 0.00859375 0.0111111
2 0.236328 0.300694 0.0132813 0.0236111
2 0.255078 0.305556 0.0132813 0.0166667
2 0.269922 0.305556 0.0117188 0.0166667
2 0.163672 0.29375 0.0257812 0.0291667
2 0.0578125 0.282639 0.0328125 0.0375
7 0.459766 0.329861 0.0242187 0.0458333
7 0.596484 0.376389 0.0570313 0.0777778
