7 0.315234 0.30625 0.0195312 0.0319444
2 0.364453 0.320139 0.00859375 0.00972222
7 0.034375 0.286806 0.0359375 0.0430556
2 0.597656 0.382639 0.05625 0.0763889
2 0.434375 0.335417 0.0078125 0.0125
2 0.446875 0.339583 0.009375 0.0152778
2 0.158203 0.297222 0.0273438 0.0305556
2 0.257422 0.311806 0.0132813 0.0152778
2 0.274609 0.311111 0.0132813 0.0194444
2 0.238672 0.306944 0.0132813 0.0222222
7 0.597656 0.382639 0.05625 0.0763889
2 0.034375 0.288194 0.0359375 0.0430556
7 0.46875 0.334722 0.025 0.0472222
