11 0.244922 0.188889 0.0601562 0.133333
2 0.331641 0.303472 0.0148437 0.0152778
2 0.596094 0.369444 0.0578125 0.0777778
2 0.429297 0.328472 0.00859375 0.0125
7 0.302344 0.295139 0.01875 0.0291667
2 0.351562 0.307639 0.0078125 0.00972222
2 0.253125 0.3 0.0140625 0.0166667
2 0.234375 0.296528 0.0125 0.0208333
2 0.170312 0.288889 0.021875 0.0277778
2 0.265234 0.299306 0.0132813 0.0180556
7 0.452344 0.323611 0.025 0.0472222
7 0.596094 0.369444 0.0578125 0.0777778
2 0.0765625 0.28125 0.0296875 0.0375
