0 0.503125 0.396528 0.0171875 0.0180556
2 0.475781 0.347222 0.0203125 0.0333333
2 0.545703 0.348611 0.0148437 0.0222222
7 0.574609 0.348611 0.0195312 0.0305556
2 0.395312 0.341667 0.009375 0.0138889
2 0.4375 0.347222 0.0171875 0.0305556
2 0.532812 0.352083 0.0328125 0.0236111
2 0.574609 0.348611 0.0195312 0.0305556
2 0.383984 0.343056 0.0132813 0.0138889
2 0.357812 0.343056 0.015625 0.0194444
2 0.0246094 0.363194 0.0257812 0.0402778
2 0.341406 0.346528 0.0171875 0.0152778
2 0.314453 0.348611 0.0148437 0.0138889
2 0.0484375 0.361111 0.040625 0.0444444
2 0.205859 0.352083 0.0304688 0.0319444
2 0.505078 0.351389 0.0226563 0.0277778
2 0.465234 0.363889 0.0351562 0.0472222
2 0.114063 0.361111 0.0265625 0.0277778
2 0.167969 0.355556 0.0328125 0.0277778
2 0.423828 0.350694 0.0226563 0.0319444
2 0.608203 0.361806 0.0382813 0.0569444
2 0.0824219 0.361111 0.0445312 0.0361111
7 0.257812 0.383333 0.101562 0.125
2 0.520312 0.444444 0.115625 0.163889
