2 0.473047 0.348611 0.0195312 0.0333333
2 0.546484 0.353472 0.00859375 0.0208333
7 0.571484 0.349306 0.0195312 0.0347222
2 0.571875 0.349306 0.01875 0.0319444
2 0.376953 0.346528 0.0164062 0.0152778
2 0.330859 0.35 0.0132813 0.0138889
2 0.434375 0.349306 0.01875 0.0319444
2 0.532031 0.355556 0.0375 0.025
2 0.0183594 0.366667 0.0367187 0.0444444
2 0.306641 0.352778 0.0148437 0.0166667
2 0.350781 0.346528 0.0171875 0.0208333
2 0.502734 0.353472 0.0226563 0.0263889
2 0.1875 0.356944 0.034375 0.0333333
2 0.0882813 0.367361 0.034375 0.0291667
2 0.148047 0.3625 0.0335938 0.0305556
2 0.421875 0.354167 0.021875 0.0305556
2 0.463672 0.366667 0.0351562 0.0472222
2 0.605859 0.363194 0.0382813 0.0569444
2 0.0476562 0.368056 0.0484375 0.0388889
7 0.258203 0.386111 0.100781 0.125
2 0.519922 0.44375 0.113281 0.159722
