2 0.398047 0.347222 0.0132813 0.0138889
7 0.570703 0.349306 0.0195312 0.0319444
2 0.472266 0.348611 0.0195312 0.0333333
2 0.530469 0.353472 0.034375 0.0236111
2 0.374219 0.346528 0.0140625 0.0152778
2 0.303125 0.354167 0.0125 0.0194444
2 0.570703 0.35 0.0195312 0.0305556
2 0.500781 0.352778 0.021875 0.0277778
2 0.328906 0.351389 0.015625 0.0138889
2 0.00976562 0.368056 0.0195312 0.0444444
2 0.433594 0.349306 0.0171875 0.0319444
2 0.348437 0.346528 0.0171875 0.0208333
2 0.0757812 0.369444 0.0359375 0.0305556
2 0.137891 0.3625 0.0367187 0.0305556
2 0.462891 0.367361 0.0351562 0.0458333
2 0.421094 0.354167 0.021875 0.0305556
2 0.177344 0.359028 0.0359375 0.0347222
2 0.028125 0.370833 0.0515625 0.0416667
2 0.604688 0.363194 0.0375 0.0569444
7 0.259766 0.386806 0.100781 0.123611
2 0.519531 0.442361 0.110937 0.159722
