2 0.541797 0.349306 0.0148437 0.0236111
2 0.472266 0.347222 0.0195312 0.0333333
2 0.385156 0.34375 0.0109375 0.0152778
2 0.396094 0.34375 0.0125 0.0152778
2 0.510938 0.347917 0.0125 0.0208333
7 0.570312 0.347222 0.01875 0.0333333
2 0.530859 0.350694 0.0367187 0.0236111
2 0.325391 0.347917 0.0148437 0.0152778
2 0.570312 0.347222 0.01875 0.0305556
2 0.5 0.352083 0.021875 0.0263889
2 0.434375 0.348611 0.015625 0.0305556
2 0.371094 0.345833 0.0171875 0.0166667
2 0.301172 0.354167 0.0132813 0.0194444
2 0.344531 0.348611 0.015625 0.0138889
2 0.166406 0.357639 0.0375 0.0347222
2 0.462891 0.364583 0.0351562 0.0458333
2 0.128125 0.3625 0.0359375 0.0305556
2 0.421484 0.352778 0.0226563 0.0277778
2 0.0609375 0.370139 0.040625 0.0319444
2 0.0183594 0.370833 0.0367187 0.0388889
2 0.604297 0.360417 0.0382813 0.0569444
7 0.261328 0.385417 0.0992187 0.123611
2 0.520703 0.438889 0.110156 0.158333
