7 0.570312 0.345833 0.01875 0.0305556
2 0.383594 0.343056 0.0125 0.0166667
2 0.471875 0.345139 0.0203125 0.0319444
2 0.369531 0.344444 0.015625 0.0166667
2 0.321484 0.348611 0.0164062 0.0138889
2 0.529688 0.348611 0.0359375 0.0222222
2 0.433984 0.346528 0.0164062 0.0319444
2 0.343359 0.345139 0.0179687 0.0208333
2 0.499219 0.350694 0.021875 0.0319444
2 0.570312 0.346528 0.01875 0.0291667
2 0.421094 0.352083 0.021875 0.0291667
2 0.156641 0.359028 0.0382813 0.0375
2 0.117188 0.363889 0.0375 0.0333333
2 0.00898437 0.371528 0.0179687 0.0375
2 0.462891 0.3625 0.0351562 0.0472222
2 0.0488281 0.370833 0.0429688 0.0333333
2 0.603906 0.359028 0.0375 0.0569444
7 0.262891 0.384028 0.0992187 0.123611
2 0.521875 0.436806 0.110937 0.156944
