0 0.498437 0.396528 0.021875 0.0208333
2 0.396875 0.336806 0.0140625 0.0180556
2 0.299219 0.344444 0.015625 0.0277778
7 0.595703 0.340278 0.0195312 0.0333333
2 0.311719 0.345139 0.0171875 0.0208333
2 0.496094 0.340278 0.0203125 0.0333333
2 0.569531 0.347222 0.0125 0.025
2 0.455469 0.339583 0.01875 0.0319444
2 0.384375 0.340972 0.0125 0.0125
2 0.595703 0.339583 0.0195312 0.0319444
2 0.174609 0.349306 0.0320312 0.0319444
2 0.334375 0.342361 0.0171875 0.0180556
2 0.207422 0.35 0.0304688 0.0305556
2 0.482422 0.357639 0.0351562 0.0486111
2 0.526563 0.346528 0.0234375 0.0291667
2 0.553516 0.357639 0.0351562 0.0486111
2 0.141406 0.352778 0.034375 0.0361111
2 0.442969 0.345833 0.0234375 0.0305556
7 0.25625 0.379861 0.110937 0.131944
2 0.630078 0.355556 0.0382813 0.0583333
2 0.519531 0.450694 0.129688 0.181944
