7 0.572266 0.342361 0.0195312 0.0319444
2 0.515625 0.34375 0.009375 0.0208333
2 0.272656 0.380556 0.0953125 0.119444
2 0.476172 0.341667 0.0195312 0.0305556
2 0.409375 0.338194 0.0140625 0.0125
2 0.39375 0.340278 0.0109375 0.0138889
2 0.3625 0.342361 0.015625 0.0180556
2 0.313672 0.348611 0.0117188 0.0222222
2 0.542969 0.342361 0.015625 0.0236111
2 0.532812 0.345139 0.034375 0.0208333
2 0.38125 0.340278 0.0140625 0.0166667
2 0.436719 0.344444 0.0171875 0.0305556
2 0.337891 0.342361 0.0179687 0.0208333
2 0.572266 0.343056 0.0195312 0.0305556
2 0.0101562 0.371528 0.0203125 0.0347222
2 0.60625 0.355556 0.0375 0.0555556
2 0.502734 0.347917 0.0210938 0.0319444
2 0.0746094 0.365278 0.0429688 0.0361111
2 0.425 0.347917 0.021875 0.0291667
2 0.214453 0.355556 0.0273438 0.0222222
2 0.114453 0.359028 0.0414063 0.0375
2 0.466797 0.359028 0.0351562 0.0486111
7 0.273047 0.38125 0.0960938 0.120833
2 0.528906 0.428472 0.10625 0.151389
