0 0.501172 0.396528 0.0226563 0.0208333
2 0.494922 0.339583 0.0195312 0.0319444
2 0.308594 0.34375 0.0140625 0.0180556
2 0.567969 0.34375 0.0140625 0.0319444
2 0.418359 0.334722 0.0117188 0.0138889
2 0.353516 0.339583 0.0101562 0.0125
2 0.393359 0.336111 0.0132813 0.0194444
7 0.594531 0.327778 0.0203125 0.0555556
2 0.380859 0.338889 0.0132813 0.0111111
2 0.330859 0.340972 0.0164062 0.0180556
2 0.455078 0.339583 0.0179687 0.0319444
2 0.164453 0.348611 0.0320312 0.0333333
2 0.198437 0.350694 0.0328125 0.0319444
2 0.524609 0.345833 0.0226563 0.0277778
2 0.481641 0.356944 0.0351562 0.0472222
2 0.552344 0.357639 0.0359375 0.0486111
2 0.131641 0.353472 0.0367187 0.0375
2 0.442187 0.345833 0.0234375 0.0305556
2 0.628906 0.354167 0.0390625 0.0583333
7 0.258203 0.379861 0.110156 0.131944
2 0.521484 0.447917 0.127344 0.179167
