7 0.237109 0.3 0.0132813 0.0222222
2 0.596875 0.375694 0.0578125 0.0791667
2 0.426172 0.329167 0.00703125 0.0111111
2 0.339844 0.306944 0.0125 0.0166667
11 0.194531 0.161111 0.075 0.169444
2 0.432422 0.315972 0.00859375 0.00972222
2 0.163281 0.292361 0.025 0.0291667
2 0.237109 0.3 0.0132813 0.0222222
2 0.253906 0.304861 0.0140625 0.0152778
7 0.309375 0.3 0.0203125 0.0305556
2 0.271094 0.304861 0.0109375 0.0180556
7 0.461719 0.33125 0.025 0.0430556
2 0.053125 0.281944 0.0328125 0.0388889
7 0.596875 0.375694 0.0578125 0.0791667
