11 0.183203 0.159722 0.0773437 0.177778
2 0.343359 0.313194 0.0148437 0.0180556
2 0.596484 0.381944 0.0570313 0.0777778
2 0.360156 0.317361 0.0078125 0.0125
2 0.366797 0.317361 0.0148437 0.0125
2 0.427734 0.334722 0.00703125 0.0111111
2 0.441016 0.339583 0.00859375 0.0125
2 0.328906 0.315278 0.009375 0.0111111
7 0.310156 0.305556 0.0203125 0.0305556
2 0.2375 0.305556 0.0140625 0.0222222
2 0.1625 0.297917 0.025 0.0291667
2 0.255469 0.309028 0.0140625 0.0180556
7 0.463281 0.333333 0.025 0.0472222
2 0.271875 0.311111 0.0125 0.0166667
7 0.596484 0.381944 0.0570313 0.0777778
2 0.0492188 0.285417 0.0359375 0.0402778
