2 0.440625 0.336111 0.0078125 0.0111111
7 0.01875 0.286806 0.0375 0.0430556
2 0.337891 0.318056 0.0101562 0.0111111
2 0.440625 0.323611 0.0078125 0.00833333
2 0.452344 0.341667 0.009375 0.0111111
7 0.319141 0.307639 0.0179687 0.0319444
2 0.154297 0.3 0.0273438 0.0305556
7 0.473047 0.336111 0.0226563 0.0472222
2 0.473828 0.348611 0.0226563 0.0222222
2 0.598437 0.384028 0.05625 0.0763889
7 0.598437 0.384722 0.05625 0.0777778
2 0.01875 0.2875 0.0375 0.0444444
2 0.239453 0.307639 0.0148437 0.0236111
2 0.258203 0.311806 0.0148437 0.0180556
2 0.277344 0.3125 0.0125 0.0194444
