2 0.359766 0.339583 0.00859375 0.0125
2 0.508594 0.336111 0.0078125 0.0138889
2 0.389844 0.338194 0.015625 0.0125
7 0.597656 0.340972 0.01875 0.0291667
2 0.498047 0.340278 0.0195312 0.0333333
2 0.400391 0.334722 0.0132813 0.0194444
2 0.597266 0.341667 0.0195312 0.0277778
2 0.570703 0.345139 0.0132813 0.0291667
2 0.457422 0.338194 0.0195312 0.0319444
2 0.300391 0.341667 0.0179687 0.0277778
2 0.338672 0.340972 0.0164062 0.0180556
2 0.316797 0.343056 0.0164062 0.0194444
2 0.183984 0.346528 0.0335938 0.0319444
2 0.553516 0.356944 0.0367187 0.0472222
2 0.151562 0.349306 0.0359375 0.0347222
2 0.527344 0.345833 0.0234375 0.0305556
2 0.444141 0.344444 0.0226563 0.0305556
2 0.483203 0.35625 0.0351562 0.0486111
2 0.630859 0.354167 0.0382813 0.0583333
7 0.254687 0.378472 0.110937 0.131944
2 0.517578 0.451389 0.130469 0.183333
