2 0.532812 0.352778 0.0359375 0.0277778
2 0.0078125 0.372222 0.015625 0.0305556
2 0.336719 0.348611 0.015625 0.0138889
2 0.404297 0.343056 0.0117188 0.0138889
2 0.392188 0.343056 0.009375 0.0138889
2 0.547656 0.351389 0.009375 0.0194444
2 0.38125 0.345833 0.0140625 0.0166667
2 0.474609 0.347917 0.0195312 0.0319444
2 0.355078 0.347222 0.0132813 0.0166667
2 0.435156 0.348611 0.01875 0.0305556
2 0.310547 0.351389 0.0148437 0.0138889
7 0.570703 0.3375 0.0226563 0.0527778
2 0.503906 0.352083 0.021875 0.0263889
2 0.0300781 0.364583 0.0460938 0.0430556
2 0.158203 0.361111 0.0351562 0.0333333
2 0.101562 0.363889 0.03125 0.0277778
2 0.196484 0.353472 0.0335938 0.0319444
2 0.423047 0.353472 0.0226563 0.0291667
2 0.464453 0.365278 0.0351562 0.0472222
2 0.606641 0.363194 0.0382813 0.0569444
2 0.065625 0.364583 0.046875 0.0375
7 0.258203 0.384722 0.100781 0.125
2 0.520312 0.44375 0.115625 0.1625
