2 0.224609 0.36875 0.0226563 0.0458333
2 0.472656 0.343056 0.0203125 0.0305556
2 0.265625 0.383333 0.096875 0.122222
2 0.554297 0.3375 0.0101562 0.0166667
2 0.511328 0.345833 0.0132813 0.0222222
2 0.382422 0.342361 0.0132813 0.0152778
2 0.394531 0.342361 0.0140625 0.0152778
2 0.541797 0.345139 0.0164062 0.0263889
2 0.368359 0.34375 0.0132813 0.0180556
2 0.528906 0.348611 0.03125 0.0222222
2 0.319922 0.348611 0.0148437 0.0166667
2 0.570312 0.344444 0.01875 0.0305556
2 0.341797 0.345139 0.0179687 0.0208333
2 0.434375 0.346528 0.01875 0.0319444
2 0.500391 0.350694 0.0210938 0.0319444
2 0.463672 0.361111 0.0351562 0.05
2 0.146875 0.358333 0.0390625 0.0361111
2 0.0363281 0.372222 0.0460938 0.0333333
2 0.107031 0.363194 0.0390625 0.0319444
2 0.422656 0.350694 0.021875 0.0291667
2 0.604688 0.358333 0.0375 0.0555556
7 0.265625 0.383333 0.0984375 0.122222
2 0.521094 0.435417 0.115625 0.154167
