2 0.542188 0.346528 0.015625 0.0236111
2 0.530078 0.348611 0.0320312 0.0222222
2 0.382422 0.34375 0.0117188 0.0152778
2 0.221875 0.358333 0.0234375 0.0222222
2 0.318359 0.35 0.0132813 0.0166667
2 0.434766 0.347222 0.0179687 0.0305556
2 0.501172 0.352083 0.0210938 0.0319444
2 0.340625 0.345139 0.0171875 0.0208333
2 0.571484 0.345833 0.0195312 0.0305556
2 0.0972656 0.367361 0.0429688 0.0347222
2 0.136719 0.361111 0.0390625 0.0361111
2 0.0242187 0.374306 0.0484375 0.0347222
2 0.423438 0.352083 0.021875 0.0291667
2 0.464844 0.363194 0.034375 0.0486111
2 0.604688 0.358333 0.0375 0.0555556
2 0.525391 0.434722 0.107031 0.152778
7 0.267969 0.385417 0.096875 0.120833
