2 0.532422 0.344444 0.0101562 0.0222222
2 0.502734 0.340278 0.00703125 0.0138889
2 0.259766 0.382639 0.107031 0.129167
2 0.420312 0.339583 0.009375 0.0125
2 0.491797 0.343056 0.0195312 0.0333333
2 0.302734 0.350694 0.0132813 0.0208333
2 0.563281 0.347222 0.015625 0.0305556
2 0.591016 0.34375 0.0179687 0.0319444
7 0.591406 0.343056 0.01875 0.0333333
2 0.410937 0.340278 0.0140625 0.0138889
2 0.344531 0.345833 0.0109375 0.0166667
2 0.373047 0.34375 0.0148437 0.0152778
2 0.549609 0.361111 0.0351562 0.0527778
2 0.451953 0.343056 0.0195312 0.0305556
2 0.386719 0.340278 0.0140625 0.0194444
2 0.321094 0.345833 0.0171875 0.0194444
2 0.108594 0.359028 0.0328125 0.0375
2 0.521094 0.346528 0.021875 0.0291667
2 0.137109 0.355556 0.0414063 0.0361111
2 0.438672 0.348611 0.0226563 0.0305556
2 0.478125 0.361111 0.0328125 0.0472222
2 0.175781 0.35625 0.0359375 0.0319444
2 0.625 0.358333 0.0390625 0.0583333
7 0.259766 0.383333 0.107031 0.130556
2 0.523828 0.448611 0.124219 0.177778
