2 0.217187 0.363194 0.021875 0.0458333
2 0.416406 0.339583 0.009375 0.0125
2 0.259375 0.383333 0.10625 0.127778
7 0.588281 0.345833 0.01875 0.0305556
2 0.560547 0.347917 0.0164062 0.0291667
2 0.588281 0.345833 0.01875 0.0305556
2 0.367188 0.344444 0.0140625 0.0138889
2 0.489453 0.343056 0.0179687 0.0333333
2 0.40625 0.340278 0.0125 0.0138889
2 0.449219 0.344444 0.0203125 0.0333333
2 0.341016 0.345139 0.0132813 0.0152778
2 0.316016 0.346528 0.0164062 0.0208333
2 0.547266 0.359722 0.0367187 0.0472222
2 0.38125 0.340972 0.015625 0.0180556
2 0.124609 0.356944 0.0398437 0.0361111
2 0.435937 0.348611 0.021875 0.0305556
2 0.0957031 0.359028 0.0335938 0.0375
2 0.518359 0.348611 0.0226563 0.0277778
2 0.476562 0.361111 0.034375 0.0472222
2 0.622656 0.359028 0.0390625 0.0569444
2 0.162891 0.356944 0.0398437 0.0305556
7 0.259766 0.383333 0.107031 0.127778
2 0.523438 0.447222 0.123438 0.172222
