2 0.555469 0.343056 0.0125 0.0194444
0 0.502734 0.397917 0.0210938 0.0208333
2 0.258984 0.382639 0.103906 0.126389
2 0.406641 0.339583 0.00859375 0.0125
2 0.355469 0.346528 0.0125 0.0125
7 0.582031 0.346528 0.01875 0.0319444
2 0.303125 0.349306 0.0171875 0.0236111
2 0.582031 0.346528 0.01875 0.0319444
2 0.395312 0.340972 0.0140625 0.0152778
2 0.442578 0.345833 0.0179687 0.0305556
2 0.541797 0.354167 0.0367187 0.0333333
2 0.483594 0.345139 0.01875 0.0347222
2 0.06875 0.359722 0.03125 0.0388889
2 0.329688 0.347222 0.0140625 0.0166667
2 0.372266 0.340972 0.0148437 0.0180556
2 0.154687 0.357639 0.0140625 0.0263889
2 0.0964844 0.356944 0.0382813 0.0388889
2 0.198828 0.359722 0.0289063 0.0388889
2 0.5125 0.348611 0.021875 0.0277778
2 0.13125 0.359028 0.0390625 0.0347222
2 0.430859 0.351389 0.0226563 0.0277778
2 0.616797 0.360417 0.0382813 0.0569444
2 0.471094 0.361806 0.034375 0.0486111
7 0.258984 0.382639 0.105469 0.126389
2 0.521875 0.445833 0.120312 0.169444
