2 0.258594 0.382639 0.101562 0.126389
2 0.553125 0.351389 0.0125 0.0305556
2 0.219922 0.348611 0.0195312 0.025
2 0.402734 0.340278 0.0101562 0.0138889
2 0.347656 0.347222 0.0109375 0.0111111
7 0.578906 0.347222 0.01875 0.0305556
2 0.479688 0.345139 0.0203125 0.0319444
2 0.0546875 0.360417 0.0296875 0.0402778
2 0.392188 0.340972 0.0125 0.0125
2 0.539062 0.353472 0.0359375 0.0291667
2 0.3 0.35 0.0140625 0.0222222
2 0.324219 0.347222 0.0140625 0.0138889
2 0.142188 0.357639 0.015625 0.0263889
2 0.0796875 0.357639 0.040625 0.0402778
2 0.367969 0.341667 0.0140625 0.0194444
2 0.509766 0.348611 0.0210938 0.0277778
2 0.441406 0.345833 0.0171875 0.0305556
2 0.189453 0.354167 0.0304688 0.0277778
2 0.46875 0.361806 0.034375 0.0486111
2 0.428125 0.351389 0.021875 0.0277778
2 0.116016 0.357639 0.0398437 0.0347222
2 0.613672 0.360417 0.0382813 0.0569444
7 0.258203 0.382639 0.102344 0.126389
2 0.520703 0.445139 0.119531 0.168056
